1 2 21 479 
2 1 3 22 480 
3 2 4 23 481 
4 3 5 24 482 
5 4 6 25 483 
6 5 7 26 484 
7 6 8 27 485 
8 7 9 28 486 
9 8 10 29 487 
10 9 11 30 488 
11 10 12 31 489 
12 11 13 32 490 
13 12 14 33 491 
14 13 15 34 492 
15 14 16 35 493 
16 15 17 36 494 
17 16 18 37 495 
18 17 19 38 496 
19 18 20 39 497 
20 19 40 498 
21 1 22 41 499 
22 2 21 23 42 500 
23 3 22 24 43 501 
24 4 23 25 44 502 
25 5 24 26 45 503 
26 6 25 27 46 504 
27 7 26 28 47 505 
28 8 27 29 48 506 
29 9 28 30 49 507 
30 10 29 31 50 508 
31 11 30 32 51 509 
32 12 31 33 52 510 
33 13 32 34 53 54 511 
34 14 33 35 57 512 
35 15 34 36 58 513 
36 16 35 37 59 514 
37 17 36 38 60 515 
38 18 37 39 61 516 
39 19 38 40 62 517 
40 20 39 63 518 
41 21 42 64 519 
42 22 41 43 65 520 
43 23 42 44 66 521 
44 24 43 45 67 522 
45 25 44 46 68 523 
46 26 45 47 69 524 
47 27 46 48 70 525 
48 28 47 49 71 526 
49 29 48 50 72 527 
50 30 49 51 73 528 
51 31 50 52 74 529 
52 32 51 53 55 75 76 530 
53 33 52 54 55 531 
54 33 53 56 57 532 
55 52 53 56 79 80 533 
56 54 55 57 86 87 534 
57 34 54 56 58 107 108 535 
58 35 57 59 111 536 
59 36 58 60 112 537 
60 37 59 61 113 538 
61 38 60 62 114 539 
62 39 61 63 115 540 
63 40 62 116 541 
64 41 65 117 542 
65 42 64 66 118 543 
66 43 65 67 119 544 
67 44 66 68 120 545 
68 45 67 69 121 546 
69 46 68 70 122 547 
70 47 69 71 123 548 
71 48 70 72 124 549 
72 49 71 73 125 550 
73 50 72 74 126 551 
74 51 73 75 77 127 552 
75 52 74 76 77 553 
76 52 75 78 79 81 554 
77 74 75 78 128 555 
78 76 77 93 98 128 556 
79 55 76 80 81 557 
80 55 79 82 83 86 558 
81 76 79 82 84 93 559 
82 80 81 83 84 560 
83 80 82 85 88 561 
84 81 82 85 94 562 
85 83 84 90 95 563 
86 56 80 87 88 89 564 
87 56 86 92 107 565 
88 83 86 89 90 566 
89 86 88 91 92 567 
90 85 88 91 100 568 
91 89 90 92 101 569 
92 87 89 91 104 107 570 
93 78 81 94 96 98 571 
94 84 93 95 96 572 
95 85 94 97 100 573 
96 93 94 97 99 574 
97 95 96 99 102 575 
98 78 93 99 129 576 
99 96 97 98 105 129 577 
100 90 95 101 102 578 
101 91 100 103 104 579 
102 97 100 103 105 580 
103 101 102 104 105 581 
104 92 101 103 106 109 582 
105 99 102 103 106 130 583 
106 104 105 109 130 584 
107 57 87 92 108 109 585 
108 57 107 110 111 586 
109 104 106 107 110 133 587 
110 108 109 111 133 588 
111 58 108 110 112 134 589 
112 59 111 113 135 590 
113 60 112 114 136 591 
114 61 113 115 137 592 
115 62 114 116 138 593 
116 63 115 139 594 
117 64 118 140 595 
118 65 117 119 141 596 
119 66 118 120 142 597 
120 67 119 121 143 598 
121 68 120 122 144 599 
122 69 121 123 145 600 
123 70 122 124 146 601 
124 71 123 125 147 602 
125 72 124 126 148 603 
126 73 125 127 149 604 
127 74 126 128 150 605 
128 77 78 127 129 131 151 606 
129 98 99 128 130 131 607 
130 105 106 129 132 133 608 
131 128 129 132 152 609 
132 130 131 133 152 610 
133 109 110 130 132 134 153 611 
134 111 133 135 154 612 
135 112 134 136 155 613 
136 113 135 137 156 614 
137 114 136 138 157 615 
138 115 137 139 158 616 
139 116 138 159 617 
140 117 141 160 618 
141 118 140 142 161 619 
142 119 141 143 162 620 
143 120 142 144 163 621 
144 121 143 145 164 622 
145 122 144 146 165 623 
146 123 145 147 166 624 
147 124 146 148 167 625 
148 125 147 149 168 626 
149 126 148 150 169 627 
150 127 149 151 170 628 
151 128 150 152 171 629 
152 131 132 151 153 172 630 
153 133 152 154 173 631 
154 134 153 155 174 632 
155 135 154 156 175 633 
156 136 155 157 176 634 
157 137 156 158 177 635 
158 138 157 159 178 636 
159 139 158 179 637 
160 140 161 180 638 
161 141 160 162 181 639 
162 142 161 163 182 640 
163 143 162 164 183 641 
164 144 163 165 184 642 
165 145 164 166 185 643 
166 146 165 167 186 644 
167 147 166 168 187 645 
168 148 167 169 188 646 
169 149 168 170 189 647 
170 150 169 171 190 648 
171 151 170 172 191 649 
172 152 171 173 192 650 
173 153 172 174 193 651 
174 154 173 175 194 652 
175 155 174 176 195 653 
176 156 175 177 196 654 
177 157 176 178 197 655 
178 158 177 179 198 656 
179 159 178 199 657 
180 160 181 200 658 
181 161 180 182 201 659 
182 162 181 183 202 660 
183 163 182 184 203 661 
184 164 183 185 204 662 
185 165 184 186 205 663 
186 166 185 187 206 664 
187 167 186 188 207 665 
188 168 187 189 208 666 
189 169 188 190 209 667 
190 170 189 191 210 668 
191 171 190 192 211 669 
192 172 191 193 212 670 
193 173 192 194 213 671 
194 174 193 195 214 672 
195 175 194 196 215 673 
196 176 195 197 216 674 
197 177 196 198 217 675 
198 178 197 199 218 676 
199 179 198 219 677 
200 180 201 220 678 
201 181 200 202 221 679 
202 182 201 203 222 680 
203 183 202 204 223 681 
204 184 203 205 224 682 
205 185 204 206 225 683 
206 186 205 207 226 684 
207 187 206 208 227 685 
208 188 207 209 228 686 
209 189 208 210 229 687 
210 190 209 211 230 688 
211 191 210 212 231 689 
212 192 211 213 232 690 
213 193 212 214 233 691 
214 194 213 215 234 692 
215 195 214 216 235 693 
216 196 215 217 236 694 
217 197 216 218 237 695 
218 198 217 219 238 696 
219 199 218 239 697 
220 200 221 240 698 
221 201 220 222 241 699 
222 202 221 223 242 700 
223 203 222 224 243 701 
224 204 223 225 244 702 
225 205 224 226 245 703 
226 206 225 227 246 704 
227 207 226 228 247 705 
228 208 227 229 248 249 706 
229 209 228 230 252 707 
230 210 229 231 253 708 
231 211 230 232 254 709 
232 212 231 233 255 710 
233 213 232 234 256 711 
234 214 233 235 257 712 
235 215 234 236 258 713 
236 216 235 237 259 714 
237 217 236 238 260 715 
238 218 237 239 261 716 
239 219 238 262 717 
240 220 241 263 718 
241 221 240 242 264 719 
242 222 241 243 265 720 
243 223 242 244 266 721 
244 224 243 245 267 722 
245 225 244 246 268 723 
246 226 245 247 269 724 
247 227 246 248 250 270 271 725 
248 228 247 249 250 726 
249 228 248 251 252 727 
250 247 248 251 274 275 728 
251 249 250 252 281 282 729 
252 229 249 251 253 302 303 730 
253 230 252 254 306 731 
254 231 253 255 307 732 
255 232 254 256 308 733 
256 233 255 257 309 734 
257 234 256 258 310 735 
258 235 257 259 311 736 
259 236 258 260 312 737 
260 237 259 261 313 738 
261 238 260 262 314 739 
262 239 261 315 740 
263 240 264 316 741 
264 241 263 265 317 742 
265 242 264 266 318 743 
266 243 265 267 319 744 
267 244 266 268 320 745 
268 245 267 269 321 746 
269 246 268 270 272 322 747 
270 247 269 271 272 748 
271 247 270 273 274 276 749 
272 269 270 273 323 750 
273 271 272 288 293 323 751 
274 250 271 275 276 752 
275 250 274 277 278 281 753 
276 271 274 277 279 288 754 
277 275 276 278 279 755 
278 275 277 280 283 756 
279 276 277 280 289 757 
280 278 279 285 290 758 
281 251 275 282 283 284 759 
282 251 281 287 302 760 
283 278 281 284 285 761 
284 281 283 286 287 762 
285 280 283 286 295 763 
286 284 285 287 296 764 
287 282 284 286 299 302 765 
288 273 276 289 291 293 766 
289 279 288 290 291 767 
290 280 289 292 295 768 
291 288 289 292 294 769 
292 290 291 294 297 770 
293 273 288 294 324 771 
294 291 292 293 300 324 772 
295 285 290 296 297 773 
296 286 295 298 299 774 
297 292 295 298 300 775 
298 296 297 299 300 776 
299 287 296 298 301 304 777 
300 294 297 298 301 325 778 
301 299 300 304 325 779 
302 252 282 287 303 304 780 
303 252 302 305 306 781 
304 299 301 302 305 328 782 
305 303 304 306 328 783 
306 253 303 305 307 329 784 
307 254 306 308 330 785 
308 255 307 309 331 786 
309 256 308 310 332 787 
310 257 309 311 333 788 
311 258 310 312 334 789 
312 259 311 313 335 790 
313 260 312 314 336 791 
314 261 313 315 337 792 
315 262 314 338 793 
316 263 317 339 794 
317 264 316 318 340 795 
318 265 317 319 341 796 
319 266 318 320 342 797 
320 267 319 321 343 798 
321 268 320 322 344 799 
322 269 321 323 345 800 
323 272 273 322 324 326 346 801 
324 293 294 323 325 326 802 
325 300 301 324 327 328 803 
326 323 324 327 347 804 
327 325 326 328 347 805 
328 304 305 325 327 329 348 806 
329 306 328 330 349 807 
330 307 329 331 350 808 
331 308 330 332 351 809 
332 309 331 333 352 810 
333 310 332 334 353 811 
334 311 333 335 354 812 
335 312 334 336 355 813 
336 313 335 337 356 814 
337 314 336 338 357 815 
338 315 337 358 816 
339 316 340 359 817 
340 317 339 341 360 818 
341 318 340 342 361 819 
342 319 341 343 362 820 
343 320 342 344 363 821 
344 321 343 345 364 822 
345 322 344 346 365 823 
346 323 345 347 366 824 
347 326 327 346 348 367 825 
348 328 347 349 368 826 
349 329 348 350 369 827 
350 330 349 351 370 828 
351 331 350 352 371 829 
352 332 351 353 372 830 
353 333 352 354 373 831 
354 334 353 355 374 832 
355 335 354 356 375 833 
356 336 355 357 376 834 
357 337 356 358 377 835 
358 338 357 378 836 
359 339 360 379 837 
360 340 359 361 380 838 
361 341 360 362 381 839 
362 342 361 363 382 840 
363 343 362 364 383 841 
364 344 363 365 384 842 
365 345 364 366 385 843 
366 346 365 367 386 844 
367 347 366 368 387 845 
368 348 367 369 388 846 
369 349 368 370 389 847 
370 350 369 371 390 848 
371 351 370 372 391 849 
372 352 371 373 392 850 
373 353 372 374 393 851 
374 354 373 375 394 852 
375 355 374 376 395 853 
376 356 375 377 396 854 
377 357 376 378 397 855 
378 358 377 398 856 
379 359 380 399 857 
380 360 379 381 400 858 
381 361 380 382 401 859 
382 362 381 383 402 860 
383 363 382 384 403 861 
384 364 383 385 404 862 
385 365 384 386 405 863 
386 366 385 387 406 864 
387 367 386 388 407 865 
388 368 387 389 408 866 
389 369 388 390 409 867 
390 370 389 391 410 868 
391 371 390 392 411 869 
392 372 391 393 412 870 
393 373 392 394 413 871 
394 374 393 395 414 872 
395 375 394 396 415 873 
396 376 395 397 416 874 
397 377 396 398 417 875 
398 378 397 418 876 
399 379 400 419 877 
400 380 399 401 420 878 
401 381 400 402 421 879 
402 382 401 403 422 880 
403 383 402 404 423 881 
404 384 403 405 424 882 
405 385 404 406 425 883 
406 386 405 407 426 884 
407 387 406 408 427 885 
408 388 407 409 428 886 
409 389 408 410 429 887 
410 390 409 411 430 888 
411 391 410 412 431 889 
412 392 411 413 432 890 
413 393 412 414 433 891 
414 394 413 415 434 892 
415 395 414 416 435 893 
416 396 415 417 436 894 
417 397 416 418 437 895 
418 398 417 438 896 
419 399 420 439 897 
420 400 419 421 440 898 
421 401 420 422 441 899 
422 402 421 423 442 900 
423 403 422 424 443 901 
424 404 423 425 444 902 
425 405 424 426 445 903 
426 406 425 427 446 904 
427 407 426 428 447 905 
428 408 427 429 448 906 
429 409 428 430 449 907 
430 410 429 431 450 908 
431 411 430 432 451 909 
432 412 431 433 452 910 
433 413 432 434 453 911 
434 414 433 435 454 912 
435 415 434 436 455 913 
436 416 435 437 456 914 
437 417 436 438 457 915 
438 418 437 458 916 
439 419 440 459 917 
440 420 439 441 460 918 
441 421 440 442 461 919 
442 422 441 443 462 920 
443 423 442 444 463 921 
444 424 443 445 464 922 
445 425 444 446 465 923 
446 426 445 447 466 924 
447 427 446 448 467 925 
448 428 447 449 468 926 
449 429 448 450 469 927 
450 430 449 451 470 928 
451 431 450 452 471 929 
452 432 451 453 472 930 
453 433 452 454 473 931 
454 434 453 455 474 932 
455 435 454 456 475 933 
456 436 455 457 476 934 
457 437 456 458 477 935 
458 438 457 478 936 
459 439 460 937 
460 440 459 461 938 
461 441 460 462 939 
462 442 461 463 940 
463 443 462 464 941 
464 444 463 465 942 
465 445 464 466 943 
466 446 465 467 944 
467 447 466 468 945 
468 448 467 469 946 
469 449 468 470 947 
470 450 469 471 948 
471 451 470 472 949 
472 452 471 473 950 
473 453 472 474 951 
474 454 473 475 952 
475 455 474 476 953 
476 456 475 477 954 
477 457 476 478 955 
478 458 477 956 
479 1 480 499 
480 2 479 481 500 
481 3 480 482 501 
482 4 481 483 502 
483 5 482 484 503 
484 6 483 485 504 
485 7 484 486 505 
486 8 485 487 506 
487 9 486 488 507 
488 10 487 489 508 
489 11 488 490 509 
490 12 489 491 510 
491 13 490 492 511 
492 14 491 493 512 
493 15 492 494 513 
494 16 493 495 514 
495 17 494 496 515 
496 18 495 497 516 
497 19 496 498 517 
498 20 497 518 
499 21 479 500 519 
500 22 480 499 501 520 
501 23 481 500 502 521 
502 24 482 501 503 522 
503 25 483 502 504 523 
504 26 484 503 505 524 
505 27 485 504 506 525 
506 28 486 505 507 526 
507 29 487 506 508 527 
508 30 488 507 509 528 
509 31 489 508 510 529 
510 32 490 509 511 530 
511 33 491 510 512 531 532 
512 34 492 511 513 535 
513 35 493 512 514 536 
514 36 494 513 515 537 
515 37 495 514 516 538 
516 38 496 515 517 539 
517 39 497 516 518 540 
518 40 498 517 541 
519 41 499 520 542 
520 42 500 519 521 543 
521 43 501 520 522 544 
522 44 502 521 523 545 
523 45 503 522 524 546 
524 46 504 523 525 547 
525 47 505 524 526 548 
526 48 506 525 527 549 
527 49 507 526 528 550 
528 50 508 527 529 551 
529 51 509 528 530 552 
530 52 510 529 531 533 553 554 
531 53 511 530 532 533 
532 54 511 531 534 535 
533 55 530 531 534 557 558 
534 56 532 533 535 564 565 
535 57 512 532 534 536 585 586 
536 58 513 535 537 589 
537 59 514 536 538 590 
538 60 515 537 539 591 
539 61 516 538 540 592 
540 62 517 539 541 593 
541 63 518 540 594 
542 64 519 543 595 
543 65 520 542 544 596 
544 66 521 543 545 597 
545 67 522 544 546 598 
546 68 523 545 547 599 
547 69 524 546 548 600 
548 70 525 547 549 601 
549 71 526 548 550 602 
550 72 527 549 551 603 
551 73 528 550 552 604 
552 74 529 551 553 555 605 
553 75 530 552 554 555 
554 76 530 553 556 557 559 
555 77 552 553 556 606 
556 78 554 555 571 576 606 
557 79 533 554 558 559 
558 80 533 557 560 561 564 
559 81 554 557 560 562 571 
560 82 558 559 561 562 
561 83 558 560 563 566 
562 84 559 560 563 572 
563 85 561 562 568 573 
564 86 534 558 565 566 567 
565 87 534 564 570 585 
566 88 561 564 567 568 
567 89 564 566 569 570 
568 90 563 566 569 578 
569 91 567 568 570 579 
570 92 565 567 569 582 585 
571 93 556 559 572 574 576 
572 94 562 571 573 574 
573 95 563 572 575 578 
574 96 571 572 575 577 
575 97 573 574 577 580 
576 98 556 571 577 607 
577 99 574 575 576 583 607 
578 100 568 573 579 580 
579 101 569 578 581 582 
580 102 575 578 581 583 
581 103 579 580 582 583 
582 104 570 579 581 584 587 
583 105 577 580 581 584 608 
584 106 582 583 587 608 
585 107 535 565 570 586 587 
586 108 535 585 588 589 
587 109 582 584 585 588 611 
588 110 586 587 589 611 
589 111 536 586 588 590 612 
590 112 537 589 591 613 
591 113 538 590 592 614 
592 114 539 591 593 615 
593 115 540 592 594 616 
594 116 541 593 617 
595 117 542 596 618 
596 118 543 595 597 619 
597 119 544 596 598 620 
598 120 545 597 599 621 
599 121 546 598 600 622 
600 122 547 599 601 623 
601 123 548 600 602 624 
602 124 549 601 603 625 
603 125 550 602 604 626 
604 126 551 603 605 627 
605 127 552 604 606 628 
606 128 555 556 605 607 609 629 
607 129 576 577 606 608 609 
608 130 583 584 607 610 611 
609 131 606 607 610 630 
610 132 608 609 611 630 
611 133 587 588 608 610 612 631 
612 134 589 611 613 632 
613 135 590 612 614 633 
614 136 591 613 615 634 
615 137 592 614 616 635 
616 138 593 615 617 636 
617 139 594 616 637 
618 140 595 619 638 
619 141 596 618 620 639 
620 142 597 619 621 640 
621 143 598 620 622 641 
622 144 599 621 623 642 
623 145 600 622 624 643 
624 146 601 623 625 644 
625 147 602 624 626 645 
626 148 603 625 627 646 
627 149 604 626 628 647 
628 150 605 627 629 648 
629 151 606 628 630 649 
630 152 609 610 629 631 650 
631 153 611 630 632 651 
632 154 612 631 633 652 
633 155 613 632 634 653 
634 156 614 633 635 654 
635 157 615 634 636 655 
636 158 616 635 637 656 
637 159 617 636 657 
638 160 618 639 658 
639 161 619 638 640 659 
640 162 620 639 641 660 
641 163 621 640 642 661 
642 164 622 641 643 662 
643 165 623 642 644 663 
644 166 624 643 645 664 
645 167 625 644 646 665 
646 168 626 645 647 666 
647 169 627 646 648 667 
648 170 628 647 649 668 
649 171 629 648 650 669 
650 172 630 649 651 670 
651 173 631 650 652 671 
652 174 632 651 653 672 
653 175 633 652 654 673 
654 176 634 653 655 674 
655 177 635 654 656 675 
656 178 636 655 657 676 
657 179 637 656 677 
658 180 638 659 678 
659 181 639 658 660 679 
660 182 640 659 661 680 
661 183 641 660 662 681 
662 184 642 661 663 682 
663 185 643 662 664 683 
664 186 644 663 665 684 
665 187 645 664 666 685 
666 188 646 665 667 686 
667 189 647 666 668 687 
668 190 648 667 669 688 
669 191 649 668 670 689 
670 192 650 669 671 690 
671 193 651 670 672 691 
672 194 652 671 673 692 
673 195 653 672 674 693 
674 196 654 673 675 694 
675 197 655 674 676 695 
676 198 656 675 677 696 
677 199 657 676 697 
678 200 658 679 698 
679 201 659 678 680 699 
680 202 660 679 681 700 
681 203 661 680 682 701 
682 204 662 681 683 702 
683 205 663 682 684 703 
684 206 664 683 685 704 
685 207 665 684 686 705 
686 208 666 685 687 706 
687 209 667 686 688 707 
688 210 668 687 689 708 
689 211 669 688 690 709 
690 212 670 689 691 710 
691 213 671 690 692 711 
692 214 672 691 693 712 
693 215 673 692 694 713 
694 216 674 693 695 714 
695 217 675 694 696 715 
696 218 676 695 697 716 
697 219 677 696 717 
698 220 678 699 718 
699 221 679 698 700 719 
700 222 680 699 701 720 
701 223 681 700 702 721 
702 224 682 701 703 722 
703 225 683 702 704 723 
704 226 684 703 705 724 
705 227 685 704 706 725 
706 228 686 705 707 726 727 
707 229 687 706 708 730 
708 230 688 707 709 731 
709 231 689 708 710 732 
710 232 690 709 711 733 
711 233 691 710 712 734 
712 234 692 711 713 735 
713 235 693 712 714 736 
714 236 694 713 715 737 
715 237 695 714 716 738 
716 238 696 715 717 739 
717 239 697 716 740 
718 240 698 719 741 
719 241 699 718 720 742 
720 242 700 719 721 743 
721 243 701 720 722 744 
722 244 702 721 723 745 
723 245 703 722 724 746 
724 246 704 723 725 747 
725 247 705 724 726 728 748 749 
726 248 706 725 727 728 
727 249 706 726 729 730 
728 250 725 726 729 752 753 
729 251 727 728 730 759 760 
730 252 707 727 729 731 780 781 
731 253 708 730 732 784 
732 254 709 731 733 785 
733 255 710 732 734 786 
734 256 711 733 735 787 
735 257 712 734 736 788 
736 258 713 735 737 789 
737 259 714 736 738 790 
738 260 715 737 739 791 
739 261 716 738 740 792 
740 262 717 739 793 
741 263 718 742 794 
742 264 719 741 743 795 
743 265 720 742 744 796 
744 266 721 743 745 797 
745 267 722 744 746 798 
746 268 723 745 747 799 
747 269 724 746 748 750 800 
748 270 725 747 749 750 
749 271 725 748 751 752 754 
750 272 747 748 751 801 
751 273 749 750 766 771 801 
752 274 728 749 753 754 
753 275 728 752 755 756 759 
754 276 749 752 755 757 766 
755 277 753 754 756 757 
756 278 753 755 758 761 
757 279 754 755 758 767 
758 280 756 757 763 768 
759 281 729 753 760 761 762 
760 282 729 759 765 780 
761 283 756 759 762 763 
762 284 759 761 764 765 
763 285 758 761 764 773 
764 286 762 763 765 774 
765 287 760 762 764 777 780 
766 288 751 754 767 769 771 
767 289 757 766 768 769 
768 290 758 767 770 773 
769 291 766 767 770 772 
770 292 768 769 772 775 
771 293 751 766 772 802 
772 294 769 770 771 778 802 
773 295 763 768 774 775 
774 296 764 773 776 777 
775 297 770 773 776 778 
776 298 774 775 777 778 
777 299 765 774 776 779 782 
778 300 772 775 776 779 803 
779 301 777 778 782 803 
780 302 730 760 765 781 782 
781 303 730 780 783 784 
782 304 777 779 780 783 806 
783 305 781 782 784 806 
784 306 731 781 783 785 807 
785 307 732 784 786 808 
786 308 733 785 787 809 
787 309 734 786 788 810 
788 310 735 787 789 811 
789 311 736 788 790 812 
790 312 737 789 791 813 
791 313 738 790 792 814 
792 314 739 791 793 815 
793 315 740 792 816 
794 316 741 795 817 
795 317 742 794 796 818 
796 318 743 795 797 819 
797 319 744 796 798 820 
798 320 745 797 799 821 
799 321 746 798 800 822 
800 322 747 799 801 823 
801 323 750 751 800 802 804 824 
802 324 771 772 801 803 804 
803 325 778 779 802 805 806 
804 326 801 802 805 825 
805 327 803 804 806 825 
806 328 782 783 803 805 807 826 
807 329 784 806 808 827 
808 330 785 807 809 828 
809 331 786 808 810 829 
810 332 787 809 811 830 
811 333 788 810 812 831 
812 334 789 811 813 832 
813 335 790 812 814 833 
814 336 791 813 815 834 
815 337 792 814 816 835 
816 338 793 815 836 
817 339 794 818 837 
818 340 795 817 819 838 
819 341 796 818 820 839 
820 342 797 819 821 840 
821 343 798 820 822 841 
822 344 799 821 823 842 
823 345 800 822 824 843 
824 346 801 823 825 844 
825 347 804 805 824 826 845 
826 348 806 825 827 846 
827 349 807 826 828 847 
828 350 808 827 829 848 
829 351 809 828 830 849 
830 352 810 829 831 850 
831 353 811 830 832 851 
832 354 812 831 833 852 
833 355 813 832 834 853 
834 356 814 833 835 854 
835 357 815 834 836 855 
836 358 816 835 856 
837 359 817 838 857 
838 360 818 837 839 858 
839 361 819 838 840 859 
840 362 820 839 841 860 
841 363 821 840 842 861 
842 364 822 841 843 862 
843 365 823 842 844 863 
844 366 824 843 845 864 
845 367 825 844 846 865 
846 368 826 845 847 866 
847 369 827 846 848 867 
848 370 828 847 849 868 
849 371 829 848 850 869 
850 372 830 849 851 870 
851 373 831 850 852 871 
852 374 832 851 853 872 
853 375 833 852 854 873 
854 376 834 853 855 874 
855 377 835 854 856 875 
856 378 836 855 876 
857 379 837 858 877 
858 380 838 857 859 878 
859 381 839 858 860 879 
860 382 840 859 861 880 
861 383 841 860 862 881 
862 384 842 861 863 882 
863 385 843 862 864 883 
864 386 844 863 865 884 
865 387 845 864 866 885 
866 388 846 865 867 886 
867 389 847 866 868 887 
868 390 848 867 869 888 
869 391 849 868 870 889 
870 392 850 869 871 890 
871 393 851 870 872 891 
872 394 852 871 873 892 
873 395 853 872 874 893 
874 396 854 873 875 894 
875 397 855 874 876 895 
876 398 856 875 896 
877 399 857 878 897 
878 400 858 877 879 898 
879 401 859 878 880 899 
880 402 860 879 881 900 
881 403 861 880 882 901 
882 404 862 881 883 902 
883 405 863 882 884 903 
884 406 864 883 885 904 
885 407 865 884 886 905 
886 408 866 885 887 906 
887 409 867 886 888 907 
888 410 868 887 889 908 
889 411 869 888 890 909 
890 412 870 889 891 910 
891 413 871 890 892 911 
892 414 872 891 893 912 
893 415 873 892 894 913 
894 416 874 893 895 914 
895 417 875 894 896 915 
896 418 876 895 916 
897 419 877 898 917 
898 420 878 897 899 918 
899 421 879 898 900 919 
900 422 880 899 901 920 
901 423 881 900 902 921 
902 424 882 901 903 922 
903 425 883 902 904 923 
904 426 884 903 905 924 
905 427 885 904 906 925 
906 428 886 905 907 926 
907 429 887 906 908 927 
908 430 888 907 909 928 
909 431 889 908 910 929 
910 432 890 909 911 930 
911 433 891 910 912 931 
912 434 892 911 913 932 
913 435 893 912 914 933 
914 436 894 913 915 934 
915 437 895 914 916 935 
916 438 896 915 936 
917 439 897 918 937 
918 440 898 917 919 938 
919 441 899 918 920 939 
920 442 900 919 921 940 
921 443 901 920 922 941 
922 444 902 921 923 942 
923 445 903 922 924 943 
924 446 904 923 925 944 
925 447 905 924 926 945 
926 448 906 925 927 946 
927 449 907 926 928 947 
928 450 908 927 929 948 
929 451 909 928 930 949 
930 452 910 929 931 950 
931 453 911 930 932 951 
932 454 912 931 933 952 
933 455 913 932 934 953 
934 456 914 933 935 954 
935 457 915 934 936 955 
936 458 916 935 956 
937 459 917 938 
938 460 918 937 939 
939 461 919 938 940 
940 462 920 939 941 
941 463 921 940 942 
942 464 922 941 943 
943 465 923 942 944 
944 466 924 943 945 
945 467 925 944 946 
946 468 926 945 947 
947 469 927 946 948 
948 470 928 947 949 
949 471 929 948 950 
950 472 930 949 951 
951 473 931 950 952 
952 474 932 951 953 
953 475 933 952 954 
954 476 934 953 955 
955 477 935 954 956 
956 478 936 955 